1.8786479769357691 1.2621062821375006 0.49302316990868067 0.8051470334120794 0.0 0.0971538962395686 1.311380696004838 0.1413576217341438 0.8031264490579331 0.8460726928624045 0.9485722005576662 0.49302316990868156 0.8051470334145803 0.09715389624135862 0.09715389624001125 0.09715389624271531 1.522049533582742 0.8988651849551236 0.49302316990868045 0.09715389624100124 0.4930231699086818 0.09715389624142434 1.5569544107119784 0.09715389624286785 1.2295615187669038 0.00017054823850148892 0.9247408285593336 0.09715389624357906 0.8604884963301854 0.0971538962416838 0.09715389624521986 0.8867088519631156 0.49302316990868156 0.09715389625194748 0.49302316990868156 0.4930231699086811 0.09715389624554838 0.1208149027923272 0.8867088519636612 0.09715389623977044 0.8223718031407532 0.49302316990868156 0.1464163861638299 0.8443992336878048 1.1673083617256734 0.09715389624648096 0.9242072299217092 0.09110549167848903 0.09715389624272253 0.09715389624181303 0.8604884963311742 0.823555092613476 0.09715389624220983 0.8078440373953399 0.49302316990868156 0.09715389623946524 0.8051470334750828 0.8496326191376142 0.8517322181097646 0.09715389623972304 0.09715389624285353 0.49302316990868067 0.7943610644606023 0.0971538962430315 0.8186936503547744 0.493023169908682 0.09715389624112891
1.2621062821375006 2.7015461284935496 0.5942294860442905 0.8197594894892968 0.0 0.08763098914212475 1.663392364423355 0.14049533059011332 0.9156872437963082 0.9030320532500158 1.2644492367884108 0.5942294860442914 0.8197594894902467 0.08763098914392975 0.0876309891425584 0.08763098914528178 1.2549306467050878 0.9054593692749828 0.5942294860442905 0.08763098914362333 0.5942294860442918 0.0876309891439715 1.2897767031836538 0.0876309891454361 1.6718715949696332 0.0001705482359750654 1.2206306382727887 0.08763098914613243 0.9091806799068067 0.08763098914423395 0.08763098914794254 0.8979575840340812 0.5942294860442912 0.08763098915470269 0.5942294860442914 0.5942294860442914 0.08763098914833023 0.1467126638649232 0.897957584034627 0.0876309891423388 0.9044443611944961 0.5942294860442914 0.17948234238058203 0.932006772466494 1.8330430159572384 0.0876309891491136 1.2196461454921672 0.16601482692387726 0.08763098914537792 0.08763098914436429 0.9091806799098534 0.901195382115821 0.08763098914475864 0.820300159252191 0.5942294860442918 0.08763098914201506 0.8197594895582914 0.8990504053563106 0.9198742246703313 0.08763098914232059 0.0876309891454019 0.5942294860442905 0.90267223776032 0.08763098914558842 0.9074015858372722 0.5942294860442923 0.08763098914368084
0.49302316990868067 0.5942294860442905 1.9039606295035967 0.9017437668089209 0.0 0.09002859199902757 0.5958311920737833 0.14151569619590543 0.9031197875070631 0.47014831143911895 0.48632688204310615 1.9039551965233976 0.9017437668119159 0.09002859200081803 0.09002859199946955 0.09002859200217517 0.4910425475956708 0.4707417794097508 1.9039551965227566 0.09002859200046476 1.9039551965233608 0.09002859200088242 0.5185228217952558 0.09002859200232749 0.5871927363285654 0.00017054823838957844 0.48755247301400906 0.09002859200303759 0.4776353400908655 0.09002859200114277 0.0900285920046906 0.9000502173164543 1.9039551965227717 0.09002859201141944 1.9039551965237744 1.9039551965233696 0.090028592005023 0.1471437866867158 0.9000502173169994 0.09002859199922975 0.47082055577522164 1.9039551965241819 0.17667504915542953 0.4842482805564772 0.7152638176811368 0.09002859200594471 0.48826615705458165 0.16277639753054307 0.09002859200218782 0.09002859200127122 0.47763534009404207 0.4703878381129176 0.09002859200166835 0.9026744910570654 1.9039551965228665 0.09002859199892399 0.9017437668700188 0.4664119854486879 0.4890866899536881 0.09002859199918478 0.09002859200231172 1.903955196523817 0.9001447128642523 0.09002859200248992 0.4734813924893626 1.9039551965243497 0.0900285920005871
0.8051470334120794 0.8197594894892968 0.9017437668089209 1.8052473570376097 0.0 0.09118111636045123 0.9010767382111429 0.1418696011142585 0.9010886338668372 0.7892847349996615 0.793655265720854 0.901743766808922 1.8050760191001594 0.09118111635897486 0.09118111635940596 0.09118111636057591 0.8063256454406773 0.7856644291415309 0.9017437668089209 0.09118111635714787 0.9017437668089227 0.09118111636150195 0.8299132253252934 0.09118111636055337 0.8308266473070427 0.0001705482074255693 0.4861614210935461 0.09118111636224002 0.7978664909690374 0.09118111636034298 0.09118111636989612 0.9021548984000791 0.9017437668089221 0.09118111637746928 0.9017437668089222 0.9017437668089219 0.0911811163589471 0.14716017810866155 0.902154898400316 0.09118111636129611 0.7900410179152804 0.9017437668089218 0.17388759205870463 0.7863457938709584 0.9027829990432905 0.09118111636234572 0.4874840731764831 0.16011563711919785 0.09118111636642723 0.09118111636044368 0.7978664909702287 0.7898384612445177 0.09118111636134285 1.7272448716069626 0.9017437668089228 0.09118111635910409 1.8050755250023638 0.7865176397472409 0.8080980117429302 0.09118111636234183 0.09118111636274584 0.9017437668089214 0.8966285085322938 0.0911811163639975 0.7924559015874528 0.9017437668089229 0.0911811163596189
0.0 0.0 0.0 0.0 0.0 0.0 0.0 0.0 0.0 0.0 0.0 0.0 0.0 0.0 0.0 0.0 0.0 0.0 0.0 0.0 0.0 0.0 0.0 0.0 0.0 0.0 0.0 0.0 0.0 0.0 0.0 0.0 0.0 0.0 0.0 0.0 0.0 0.0 0.0 0.0 0.0 0.0 0.0 0.0 0.0 0.0 0.0 0.0 0.0 0.0 0.0 0.0 0.0 0.0 0.0 0.0 0.0 0.0 0.0 0.0 0.0 0.0 0.0 0.0 0.0 0.0 0.0
0.0971538962395686 0.08763098914212475 0.09002859199902757 0.09118111636045123 0.0 0.1730091071053991 0.09138635190319078 0.13974888181524042 0.0918243898226172 0.08504020916829858 0.08747403638151796 0.09002859199902802 0.091181116361437 0.17284749735645252 0.1728474983209202 0.17284749746152606 0.09741857886308292 0.08879542918846861 0.0900285919990278 0.1728474960331437 0.09002859199902824 0.1728474984830871 0.12365112415796398 0.17284749741496944 0.09157513947177631 0.00017054834154077436 0.09027578777445311 0.17284749801399316 0.09332080769944662 0.17284749808628122 0.17284749682495515 0.09339324799857929 0.09002859199902824 0.1728474962375567 0.09002859199902802 0.09002859199902791 0.17284749217746445 0.14573810320925473 0.09339324799917015 0.17284749853577497 0.08595056117240951 0.09002859199902802 0.14915791459975408 0.08544663158054389 0.08814291263681806 0.1728474957659283 0.0902368822984213 0.12041468826216611 0.17284749765829457 0.17284749796619306 0.09332080769961082 0.08345813318666762 0.17284749821251982 0.09163064144452593 0.09002859199902802 0.17284749838496005 0.09118111642301496 0.08237668471227821 0.10229959889274909 0.17284749829468782 0.17284749846597217 0.0900285919990278 0.09231554486690396 0.17284749857952966 0.08859881441837891 0.09002859199902835 0.17284749784597703
1.311380696004838 1.663392364423355 0.5958311920737833 0.9010767382111429 0.0 0.09138635190319078 2.734800876603839 0.1418105283041744 0.9379993678660099 1.2123714744628502 1.2758163652852144 0.5958311920737844 0.9010767382122855 0.09138635190499622 0.09138635190362443 0.09138635190634825 1.3158206107673154 0.914132137178516 0.5958311920737835 0.09138635190469113 0.5958311920737849 0.09138635190503774 1.339736111515824 0.0913863519065028 1.740827319844914 0.00017054823590467727 1.2502274672595257 0.09138635190719846 1.22321333247237 0.09138635190530042 0.09138635190901234 0.9400436657823033 0.5958311920737842 0.09138635191577293 0.5958311920737844 0.5958311920737844 0.09138635190940114 0.1470186570286598 0.9400436657828484 0.0913863519034055 1.2130041945090604 0.5958311920737844 0.16999195730804773 1.1850244809238202 1.808252738204883 0.09138635191018141 1.203656849149736 0.15667463770843915 0.0913863519064464 0.09138635190543032 1.2232133324738357 1.2199936450253765 0.09138635190582467 0.9010739111775139 0.5958311920737849 0.09138635190308109 0.9010767382793949 1.2118540256592538 1.2359157394929472 0.09138635190338751 0.09138635190646771 0.5958311920737835 0.9280126519904999 0.0913863519066549 1.2130684647255598 0.5958311920737853 0.09138635190474731
0.1413576217341438 0.14049533059011332 0.14151569619590543 0.1418696011142585 0.0 0.13974888181524042 0.1418105283041744 0.28341576314246225 0.14229208843308028 0.14253353813073455 0.1436027750477138 0.14151569619590587 0.14186960111578995 0.13974888181592748 0.13974888181569384 0.13974888181792877 0.11435029016613862 0.13865427104761552 0.14151569619590565 0.13974888181354872 0.14151569619590654 0.13974888181716966 0.1677780048137164 0.13974888181813178 0.14222812515170014 0.00017054817418266088 0.14221637398516973 0.13974888181865355 0.15347766110832273 0.1397488818170401 0.1397488818144637 0.14257100300965664 0.14151569619590587 0.139748881821677 0.14151569619590632 0.14151569619590598 0.13974888181463707 0.14369931498089578 0.1425710030102033 0.1397488818146183 0.1317589469886432 0.14151569619590576 0.2089517336072988 0.13844159916928622 0.14169097242478657 0.1397488818189719 0.1420722401072324 0.14843676459771066 0.13974888181475884 0.13974888181761408 0.1534776611089027 0.12156363041314655 0.13974888181772305 0.1424751115731815 0.14151569619590654 0.1397488818143341 0.14186960114402936 0.13119946490939893 0.1533985278061698 0.1397488818138901 0.13974888181825812 0.14151569619590598 0.14246928099295386 0.1397488818188249 0.1430449044255404 0.14151569619590643 0.13974888181720868
0.8031264490579331 0.9156872437963082 0.9031197875070631 0.9010886338668372 0.0 0.0918243898226172 0.9379993678660099 0.14229208843308028 1.914815369491798 0.7908975126847297 0.7850824927181366 0.903119787507064 0.9010886338697932 0.09182438982440855 0.09182438982305952 0.09182438982576513 0.8037908388814099 0.8066598554132756 0.9031197875070631 0.0918243898240555 0.9031197875070645 0.09182438982447261 0.8284012782399384 0.0918243898259179 0.9344234361910435 0.00017054823834439237 0.7929292572143027 0.09182438982662733 0.80020686976996 0.09182438982473229 0.09182438982828234 0.9213815744681211 0.9031197875070642 0.09182438983501184 0.903119787507064 0.9031197875070638 0.09182438982861574 0.14772036466466776 0.9213815744686663 0.09182438982282015 0.7917212434280991 0.903119787507064 0.17340118362738155 0.7853739222694638 0.9337342487224358 0.09182438982953645 0.7931593697437558 0.15932163117387577 0.09182438982577934 0.0918243898248613 0.8002068697715157 0.7929842591111285 0.0918243898252582 0.9009066467403449 0.9031197875070645 0.09182438982251362 0.9010886339280845 0.7884491400399607 0.811672475846664 0.09182438982277541 0.09182438982590202 0.9031197875070633 0.9159727265077644 0.09182438982608077 0.7936824461036645 0.9031197875070647 0.09182438982417718
0.8460726928624045 0.9030320532500158 0.47014831143911895 0.7892847349996615 0.0 0.08504020916829858 1.2123714744628502 0.14253353813073455 0.7908975126847297 1.8014895848910595 0.8147238784464306 0.47014831143912006 0.7892847350023102 0.08504020917008348 0.08504020916874 0.08504020917143917 0.8208167953292962 0.8927060394969661 0.4701483114391187 0.0850402091697211 0.4701483114391205 0.08504020917015331 0.8463447773232762 0.0850402091715926 1.2275160350375345 0.00017054823897011406 0.9017619254258946 0.08504020917230648 1.7218012149803674 0.08504020917041011 0.08504020917393151 0.8834142251670384 0.47014831143911984 0.08504020918065625 0.4701483114391203 0.47014831143911984 0.08504020917425559 0.13489733365760537 0.8834142251675607 0.08504020916849697 1.6561119617919802 0.47014831143911984 0.1726571594949614 0.9156316477929602 1.0891588074589125 0.0850402091751975 0.9014229988751219 0.1545525711643394 0.08504020917143995 0.0850402091705399 1.7218012161613563 1.5769532165105908 0.08504020917093769 0.790119508200515 0.4701483114391207 0.08504020916819155 0.7892847350621992 1.7080724459353784 1.5917093890614689 0.08504020916844668 0.08504020917158084 0.4701483114391194 0.7846426689405113 0.08504020917176014 1.7152450491433533 0.47014831143912095 0.08504020916985477
0.9485722005576662 1.2644492367884108 0.48632688204310615 0.793655265720854 0.0 0.08747403638151796 1.2758163652852144 0.1436027750477138 0.7850824927181366 0.8147238784464306 1.8672081286363829 0.4863268820431068 0.7936552657233245 0.08747403638330753 0.08747403638196094 0.08747403638466478 0.9456121598893785 0.8876520665349472 0.4863268820431059 0.08747403638295126 0.48632688204310726 0.08747403638337337 0.9707352123563641 0.08747403638481732 1.1972330423520703 0.00017054823855200407 0.9232072818513357 0.08747403638552764 0.8200536203299043 0.08747403638363271 0.08747403638717222 0.8575392521389656 0.4863268820431068 0.08747403639389917 0.4863268820431068 0.48632688204310637 0.08747403638750129 0.14764549926949788 0.8575392521395114 0.08747403638171936 0.8143340148811311 0.4863268820431068 0.13689073956622377 0.8631483410994871 1.1601331030082682 0.08747403638843143 0.9223513363021721 0.1736708824553247 0.08747403638467344 0.08747403638376172 0.8200536203311619 0.8498943699660916 0.08747403638415918 0.7957857582907184 0.48632688204310703 0.08747403638141416 0.7936552657839799 0.8071139225419535 0.8259968754248912 0.08747403638167317 0.087474036384803 0.4863268820431059 0.7742416000214221 0.08747403638498041 0.8215917846765639 0.48632688204310726 0.08747403638307816
0.49302316990868156 0.5942294860442914 1.9039551965233976 0.901743766808922 0.0 0.09002859199902802 0.5958311920737844 0.14151569619590587 0.903119787507064 0.47014831143912006 0.4863268820431068 1.9039606295035985 0.9017437668119168 0.09002859200081903 0.09002859199947044 0.09002859200217583 0.4910425475956717 0.4707417794097517 1.9039551965240884 0.09002859200046565 1.9039551965249613 0.09002859200088364 0.5185228217952564 0.09002859200232871 0.5871927363285667 0.00017054823839057764 0.48755247301400995 0.09002859200303848 0.4776353400908664 0.09002859200114322 0.09002859200469138 0.9000502173164552 1.903955196524124 0.09002859201142022 1.9039551965231878 1.9039551965236363 0.090028592005024 0.14714378668671546 0.9000502173170006 0.09002859199923086 0.4708205557752225 1.9039551965232813 0.1766750491554303 0.48424828055647784 0.7152638176811377 0.09002859200594626 0.48826615705458254 0.16277639753054518 0.09002859200218905 0.09002859200127222 0.4776353400940432 0.4703878381129185 0.09002859200166946 0.9026744910570663 1.9039551965222252 0.09002859199892455 0.9017437668700196 0.4664119854486892 0.489086689953689 0.09002859199918567 0.09002859200231306 1.903955196524156 0.9001447128642533 0.09002859200249125 0.4734813924893626 1.9039551965234942 0.0900285920005881
0.8051470334145803 0.8197594894902467 0.9017437668119159 1.8050760191001594 0.0 0.091181116361437 0.9010767382122855 0.14186960111578995 0.9010886338697932 0.7892847350023102 0.7936552657233245 0.9017437668119168 1.8052473570314094 0.0911811163666838 0.09118111636337667 0.09118111636791004 0.8063256454432028 0.7856644291441282 0.901743766811916 0.09118111636784432 0.9017437668119173 0.09118111636420478 0.8299132253277894 0.09118111636805792 0.8308266473081032 0.00017054821226603067 0.48616142109473026 0.09118111636773663 0.7978664909716695 0.09118111636571047 0.09118111636284931 0.9021548984031706 0.9017437668119173 0.09118111636909665 0.9017437668119168 0.9017437668119166 0.09118111637528337 0.14716017810836834 0.9021548984037044 0.09118111636101689 0.7900410179180044 0.9017437668119169 0.1738875920619838 0.7863457938733958 0.9027829990428398 0.09118111637343362 0.48748407317766485 0.16011563712427357 0.0911811163615136 0.09118111636605164 0.7978664909728619 0.7898384612470983 0.09118111636593518 1.7272448716739992 0.9017437668119171 0.09118111636249748 1.8050756265045607 0.7865176397498139 0.8080980117455221 0.09118111635994164 0.09118111636565085 0.9017437668119161 0.8966285085355474 0.09118111636473614 0.7924559015900812 0.9017437668119176 0.09118111636580695
0.09715389624135862 0.08763098914392975 0.09002859200081803 0.09118111635897486 0.0 0.17284749735645252 0.09138635190499622 0.13974888181592748 0.09182438982440855 0.08504020917008348 0.08747403638330753 0.09002859200081903 0.0911811163666838 0.1730091071090774 0.17284749821421627 0.17284749856802992 0.09741857886487293 0.08879542919025707 0.09002859200081803 0.17284749832605112 0.09002859200081936 0.17284749793259324 0.12365112415975421 0.17284749857643156 0.09157513947358087 0.00017054834353008586 0.09027578777624345 0.1728474984582484 0.0933208077012343 0.1728474985113011 0.17284749267408095 0.09339324800038107 0.09002859200081936 0.1728474916635339 0.09002859200081892 0.0900285920008187 0.17284749654359216 0.14573810320923541 0.0933932480009464 0.17284749691359502 0.08595056117418809 0.09002859200081914 0.14915791460122105 0.08544663158233434 0.0881429126386366 0.17284749826080434 0.09023688230021121 0.12041468826409174 0.17284749433244162 0.1728474984640328 0.0933208077013985 0.0834581331884594 0.1728474983180932 0.09163064144631439 0.09002859200081914 0.17284749811681543 0.09118111642460935 0.08237668471407267 0.1022995988945401 0.172847495910657 0.17284749798898524 0.09002859200081814 0.09231554486869231 0.1728474973180121 0.08859881442016992 0.0900285920008197 0.17284749851968387
0.09715389624001125 0.0876309891425584 0.09002859199946955 0.09118111635940596 0.0 0.1728474983209202 0.09138635190362443 0.13974888181569384 0.09182438982305952 0.08504020916874 0.08747403638196094 0.09002859199947044 0.09118111636337667 0.17284749821421627 0.17300910710622563 0.17284749827875848 0.09741857886352678 0.08879542918891292 0.09002859199946955 0.17284749737728 0.09002859199947078 0.17284749854670275 0.12365112415840729 0.17284749823769746 0.09157513947221041 0.00017054834273436126 0.09027578777489531 0.1728474985090332 0.09332080769989015 0.1728474985462853 0.1728474952048014 0.09339324799905924 0.09002859199947078 0.17284749446765038 0.09002859199947033 0.09002859199947022 0.1728474944606477 0.14573810320942748 0.09339324799957738 0.17284749808965005 0.08595056117284905 0.09002859199947055 0.14915791460040906 0.08544663158098709 0.08814291263724439 0.17284749718631678 0.09023688229886395 0.12041468826297566 0.172847496430394 0.17284749850863473 0.09332080770005491 0.0834581331871117 0.17284749856672887 0.0916306414449699 0.09002859199947078 0.172847498554371 0.09118111642345261 0.08237668471272619 0.10229959889319429 0.17284749752430942 0.17284749854057954 0.09002859199946966 0.09231554486734761 0.17284749828866242 0.08859881441882422 0.09002859199947111 0.17284749847841296
0.09715389624271531 0.08763098914528178 0.09002859200217517 0.09118111636057591 0.0 0.17284749746152606 0.09138635190634825 0.13974888181792877 0.09182438982576513 0.08504020917143917 0.08747403638466478 0.09002859200217583 0.09118111636791004 0.17284749856802992 0.17284749827875848 0.1730091071117572 0.09741857886623062 0.08879542919161432 0.09002859200217517 0.17284749827861529 0.09002859200217617 0.17284749800744 0.12365112416111124 0.1728474985784585 0.0915751394749329 0.00017054834706208 0.09027578777760026 0.1728474984870676 0.09332080770259232 0.1728474985490511 0.1728474929165432 0.09339324800174964 0.09002859200217606 0.17284749192935106 0.09002859200217572 0.09002859200217572 0.17284749639929362 0.14573810321175523 0.09339324800229298 0.1728474970420255 0.08595056117553979 0.09002859200217583 0.1491579146027048 0.08544663158369126 0.08814291263998397 0.17284749820855966 0.09023688230156857 0.12041468826524276 0.17284749453781018 0.1728474984962869 0.09332080770275664 0.08345813318981798 0.17284749836546087 0.0916306414476723 0.09002859200217606 0.1728474981827316 0.09118111642585558 0.08237668471543702 0.10229959889589735 0.17284749606519165 0.17284749806520602 0.09002859200217528 0.09231554487005023 0.17284749742652056 0.08859881442152884 0.09002859200217628 0.17284749854094625
1.522049533582742 1.2549306467050878 0.4910425475956708 0.8063256454406773 0.0 0.09741857886308292 1.3158206107673154 0.11435029016613862 0.8037908388814099 0.8208167953292962 0.9456121598893785 0.4910425475956717 0.8063256454432028 0.09741857886487293 0.09741857886352678 0.09741857886623062 1.8720680026438372 0.8974472109851458 0.49104254759567056 0.0974185788645151 0.4910425475956719 0.09741857886494021 1.5371038728291162 0.09741857886638294 1.234886929669035 0.00017054823853057677 0.9267412689204821 0.09741857886709382 0.835275174665854 0.09741857886519878 0.09741857886873295 0.8899245449164611 0.4910425475956717 0.09741857887545946 0.4910425475956717 0.49104254759567123 0.09741857886906136 0.14721498796334143 0.889924544917007 0.09741857886328464 0.8477133364180954 0.4910425475956717 0.14709367219486202 0.8805024310109415 1.16533283860696 0.09741857886999539 0.9264080470685697 0.11487174918246645 0.09741857886623617 0.09741857886532768 0.8352751746670288 0.8736277005128225 0.09741857886572491 0.8088010491549327 0.4910425475956717 0.09741857886297989 0.8063256455035872 0.8501933159736186 0.8776711760133085 0.09741857886323801 0.09741857886636851 0.4910425475956708 0.7948927921575906 0.09741857886654626 0.8181968886047615 0.4910425475956721 0.09741857886464356
0.8988651849551236 0.9054593692749828 0.4707417794097508 0.7856644291415309 0.0 0.08879542918846861 0.914132137178516 0.13865427104761552 0.8066598554132756 0.8927060394969661 0.8876520665349472 0.4707417794097517 0.7856644291441282 0.08879542919025707 0.08879542918891292 0.08879542919161432 0.8974472109851458 1.804947512027671 0.4707417794097508 0.08879542918989503 0.47074177940975215 0.08879542919032568 0.8806774097626698 0.08879542919176697 0.908769339660499 0.0001705482388394408 0.8674942211909744 0.0887954291924794 0.899130728292708 0.08879542919058481 0.08879542919410377 0.9132555863249582 0.4707417794097517 0.08879542920082728 0.4707417794097517 0.47074177940975126 0.08879542919442585 0.14406058701177682 0.9132555863255037 0.08879542918866878 0.8937140932631857 0.4707417794097517 0.17106735514187998 0.8933394297970377 0.9004285546143125 0.08879542919537387 0.8666910637967704 0.15783570275280512 0.08879542919161287 0.08879542919071337 0.899130728293072 0.8925951614678268 0.08879542919111116 0.8339386851633256 0.4707417794097519 0.0887954291883658 0.7856644292041666 0.8910267225447501 0.9064744521104603 0.08879542918861871 0.08879542919175432 0.4707417794097508 0.8076963157472545 0.08879542919193162 0.8953515512445022 0.47074177940975215 0.08879542919002914
0.49302316990868045 0.5942294860442905 1.9039551965227566 0.9017437668089209 0.0 0.0900285919990278 0.5958311920737835 0.14151569619590565 0.9031197875070631 0.4701483114391187 0.4863268820431059 1.9039551965240884 0.901743766811916 0.09002859200081803 0.09002859199946955 0.09002859200217517 0.49104254759567056 0.4707417794097508 1.9039606295035965 0.09002859200046454 1.9039551965260222 0.09002859200088242 0.5185228217952556 0.09002859200232727 0.5871927363285658 0.0001705482383893564 0.48755247301400884 0.09002859200303748 0.4776353400908655 0.09002859200114266 0.09002859200469038 0.9000502173164543 1.903955196523435 0.09002859201141944 1.9039551965253092 1.9039551965243684 0.09002859200502289 0.1471437866867158 0.9000502173169997 0.09002859199922952 0.4708205557752214 1.9039551965242962 0.1766750491554292 0.48424828055647695 0.7152638176811368 0.09002859200594449 0.48826615705458143 0.16277639753054318 0.09002859200218782 0.09002859200127122 0.47763534009404207 0.4703878381129174 0.09002859200166802 0.9026744910570652 1.903955196524272 0.0900285919989241 0.9017437668700187 0.4664119854486881 0.4890866899536881 0.09002859199918478 0.0900285920023115 1.9039551965253811 0.9001447128642522 0.09002859200249014 0.4734813924893624 1.9039551965247372 0.090028592000587
0.09715389624100124 0.08763098914362333 0.09002859200046476 0.09118111635714787 0.0 0.1728474960331437 0.09138635190469113 0.13974888181354872 0.0918243898240555 0.0850402091697211 0.08747403638295126 0.09002859200046565 0.09118111636784432 0.17284749832605112 0.17284749737728 0.17284749827861529 0.0974185788645151 0.08879542918989503 0.09002859200046454 0.17300910710868725 0.09002859200046576 0.1728474969039921 0.12365112415939705 0.17284749830350452 0.09157513947327156 0.0001705483391651469 0.09027578777588752 0.1728474978541969 0.09332080770087292 0.17284749788595305 0.17284749001675487 0.09339324800004256 0.09002859200046576 0.1728474888399846 0.09002859200046553 0.0900285920004652 0.1728474977002659 0.1457381032063425 0.0933932480005637 0.17284749539862526 0.08595056117382793 0.09002859200046576 0.14915791459972716 0.08544663158197863 0.0881429126383737 0.17284749858142995 0.09023688229985638 0.12041468826308652 0.1728474920501653 0.17284749790463494 0.09332080770103701 0.08345813318809914 0.17284749757802037 0.09163064144595279 0.09002859200046576 0.17284749720225126 0.09118111642418858 0.08237668471370996 0.10229959889417961 0.17284749406801458 0.17284749697824514 0.09002859200046465 0.0923155448683306 0.1728474959589811 0.08859881441980844 0.09002859200046598 0.17284749805096727
0.4930231699086818 0.5942294860442918 1.9039551965233608 0.9017437668089227 0.0 0.09002859199902824 0.5958311920737849 0.14151569619590654 0.9031197875070645 0.4701483114391205 0.48632688204310726 1.9039551965249613 0.9017437668119173 0.09002859200081936 0.09002859199947078 0.09002859200217617 0.4910425475956719 0.47074177940975215 1.9039551965260222 0.09002859200046576 1.9039606295035991 0.09002859200088398 0.5185228217952569 0.09002859200232927 0.5871927363285672 0.0001705482383909107 0.48755247301401017 0.09002859200303848 0.4776353400908675 0.09002859200114344 0.09002859200469138 0.9000502173164556 1.9039551965236077 0.09002859201142044 1.903955196525098 1.9039551965245851 0.09002859200502411 0.14714378668671624 0.9000502173170011 0.09002859199923108 0.4708205557752234 1.9039551965245252 0.1766750491554301 0.4842482805564783 0.7152638176811381 0.09002859200594648 0.48826615705458276 0.16277639753054818 0.09002859200218938 0.09002859200127256 0.4776353400940443 0.4703878381129183 0.09002859200166957 0.9026744910570665 1.9039551965238306 0.09002859199892477 0.9017437668700197 0.46641198544869145 0.48908668995368965 0.090028591999186 0.09002859200231328 1.9039551965253962 0.9001447128642536 0.09002859200249158 0.4734813924893593 1.903955196524809 0.09002859200058844
0.09715389624142434 0.0876309891439715 0.09002859200088242 0.09118111636150195 0.0 0.1728474984830871 0.09138635190503774 0.13974888181716966 0.09182438982447261 0.08504020917015331 0.08747403638337337 0.09002859200088364 0.09118111636420478 0.17284749793259324 0.17284749854670275 0.17284749800744 0.09741857886494021 0.08879542919032568 0.09002859200088242 0.1728474969039921 0.09002859200088398 0.17300910710905174 0.12365112415982027 0.17284749799042337 0.09157513947362372 0.00017054834560924215 0.09027578777630907 0.17284749839297223 0.09332080770130324 0.17284749848518294 0.1728474959611947 0.09339324800043258 0.09002859200088398 0.17284749524533624 0.09002859200088342 0.0900285920008832 0.1728474936219042 0.14573810321092914 0.09339324800103033 0.17284749834593321 0.0859505611742597 0.09002859200088364 0.14915791460184802 0.08544663158240018 0.08814291263865748 0.17284749670684665 0.09023688230027715 0.12041468826435511 0.17284749701848376 0.172847498345859 0.09332080770146767 0.08345813318852746 0.17284749848776496 0.091630641446383 0.09002859200088364 0.17284749857227164 0.09118111642476812 0.08237668471414039 0.10229959889460627 0.17284749787676884 0.17284749859763823 0.09002859200088265 0.09231554486876081 0.17284749849823106 0.08859881442023787 0.09002859200088442 0.1728474982627397
1.5569544107119784 1.2897767031836538 0.5185228217952558 0.8299132253252934 0.0 0.12365112415796398 1.339736111515824 0.1677780048137164 0.8284012782399384 0.8463447773232762 0.9707352123563641 0.5185228217952564 0.8299132253277894 0.12365112415975421 0.12365112415840729 0.12365112416111124 1.5371038728291162 0.8806774097626698 0.5185228217952556 0.12365112415939705 0.5185228217952569 0.12365112415982027 1.930024994245949 0.12365112416126411 1.2563375627634532 0.00017054823827900023 0.9458072945665785 0.12365112416197455 0.8857955575560909 0.12365112416007973 0.12365112416361568 0.912274939228042 0.5185228217952567 0.12365112417034219 0.5185228217952564 0.5185228217952562 0.12365112416394375 0.1736348147822585 0.9122749392285875 0.12365112415816559 0.8476193725195595 0.5185228217952564 0.19850922499586077 0.8702787022822058 1.192824620442345 0.12365112416487667 0.9455797367280245 0.1423804607843091 0.12365112416111823 0.12365112416020851 0.8857955575570843 0.8493209717418804 0.12365112416060564 0.8299251131953949 0.5185228217952569 0.12365112415786128 0.8299132253883168 0.8497532386687652 0.9280986565271249 0.12365112415811885 0.12365112416124957 0.5185228217952558 0.8199105884376989 0.1236511241614272 0.8438818052189092 0.5185228217952571 0.12365112415952428
0.09715389624286785 0.0876309891454361 0.09002859200232749 0.09118111636055337 0.0 0.17284749741496944 0.0913863519065028 0.13974888181813178 0.0918243898259179 0.0850402091715926 0.08747403638481732 0.09002859200232871 0.09118111636805792 0.17284749857643156 0.17284749823769746 0.1728474985784585 0.09741857886638294 0.08879542919176697 0.09002859200232727 0.17284749830350452 0.09002859200232927 0.17284749799042337 0.12365112416126411 0.17300910711207293 0.091575139475087 0.00017054834735470703 0.09027578777775325 0.17284749846455505 0.09332080770274431 0.1728474984839456 0.17284749276419628 0.09339324800192372 0.09002859200232916 0.17284749181478756 0.0900285920023286 0.09002859200232827 0.1728474964585312 0.1457381032119954 0.09339324800242399 0.1728474969721118 0.08595056117569999 0.09002859200232882 0.1491579146028128 0.08544663158384447 0.08814291264013985 0.1728474982128394 0.09023688230172178 0.12041468826530324 0.1728474944156882 0.17284749848957495 0.0933208077029094 0.08345813318996953 0.1728474983477572 0.09163064144782485 0.09002859200232882 0.17284749813892264 0.09118111642618776 0.08237668471558435 0.10229959889605078 0.17284749600833085 0.1728474980152143 0.09002859200232749 0.09231554487020244 0.17284749735729366 0.08859881442167994 0.09002859200232971 0.17284749856033965
1.2295615187669038 1.6718715949696332 0.5871927363285654 0.8308266473070427 0.0 0.09157513947177631 1.740827319844914 0.14222812515170014 0.9344234361910435 1.2275160350375345 1.1972330423520703 0.5871927363285667 0.8308266473081032 0.09157513947358087 0.09157513947221041 0.0915751394749329 1.234886929669035 0.908769339660499 0.5871927363285658 0.09157513947327156 0.5871927363285672 0.09157513947362372 1.2563375627634532 0.091575139475087 2.647989554048645 0.00017054823609141678 1.2326958716656191 0.091575139475784 1.2386326161596561 0.09157513947388596 0.09157513947758567 0.9358224365732009 0.5871927363285665 0.09157513948434404 0.5871927363285667 0.5871927363285667 0.09157513947797047 0.14717907790866191 0.9358224365737458 0.09157513947199014 1.2278707005135776 0.5871927363285667 0.17037119944970947 1.1969439653430154 1.799219339733418 0.09157513947876117 1.2333256546280091 0.15700656199805874 0.09157513947502438 0.09157513947401608 1.2386326161606973 1.2342791787225251 0.09157513947441065 0.8320479773305096 0.5871927363285672 0.09157513947166707 0.8308266473756083 1.2267453311494187 1.2508211748171245 0.09157513947196994 0.09157513947505413 0.5871927363285658 0.9229602090037667 0.09157513947523999 1.2283405057811863 0.5871927363285676 0.0915751394733324
0.00017054823850148892 0.0001705482359750654 0.00017054823838957844 0.0001705482074255693 0.0 0.00017054834154077436 0.00017054823590467727 0.00017054817418266088 0.00017054823834439237 0.00017054823897011406 0.00017054823855200407 0.00017054823839057764 0.00017054821226603067 0.00017054834353008586 0.00017054834273436126 0.00017054834706208 0.00017054823853057677 0.0001705482388394408 0.0001705482383893564 0.0001705483391651469 0.0001705482383909107 0.00017054834560924215 0.00017054823827900023 0.00017054834735470703 0.00017054823609141678 0.0003410964604171982 0.0001705482385009338 0.00017054834904368932 0.00017054823886353265 0.00017054834562078847 0.00017054834107232963 0.00017054823817441722 0.0001705482383907997 0.00017054835401954238 0.00017054823839046662 0.00017054823839013356 0.00017054833974654293 0.0001705480757231148 0.00017054823925721774 0.0001705483407206665 0.0001705482388563162 0.00017054823839068867 0.00017054827260534755 0.00017054823856343937 0.0001705482337612807 0.00017054834974700173 0.0001705482384809498 0.0001705483705462807 0.0001705483410094355 0.00017054834629844084 0.00017054823886353265 0.00017054823855877643 0.0001705483469273128 0.0001705482387921453 0.00017054823839068867 0.00017054834068344626 0.0001705482968223926 0.00017054823902495908 0.00017054823855333634 0.0001705483390226914 0.00017054834809267228 0.00017054823838957844 0.0001705482387870383 0.00017054834856881917 0.00017054823880324754 0.00017054823839124378 0.00017054834518699657
0.9247408285593336 1.2206306382727887 0.48755247301400906 0.4861614210935461 0.0 0.09027578777445311 1.2502274672595257 0.14221637398516973 0.7929292572143027 0.9017619254258946 0.9232072818513357 0.48755247301400995 0.48616142109473026 0.09027578777624345 0.09027578777489531 0.09027578777760026 0.9267412689204821 0.8674942211909744 0.48755247301400884 0.09027578777588752 0.48755247301401017 0.09027578777630907 0.9458072945665785 0.09027578777775325 1.2326958716656191 0.0001705482385009338 1.8785409475741246 0.0902757877784629 0.9097658867528498 0.09027578777656842 0.09027578778010892 0.8774215004755538 0.48755247301400995 0.09027578778683631 0.48755247301400995 0.4875524730140095 0.09027578778043899 0.14741034153235189 0.8774215004760993 0.09027578777465517 0.9025209274359682 0.48755247301400995 0.17696855356825147 0.9033428688585706 1.1650345457109357 0.09027578778136724 0.9876684488895633 0.1633634079530386 0.09027578777760936 0.09027578777669731 0.9097658867534425 0.8992139820375177 0.09027578777709444 0.4927544258478289 0.48755247301400995 0.09027578777434986 0.48616142116163297 0.8980969604902607 0.9187076437881294 0.09027578777460876 0.09027578777773793 0.48755247301400906 0.7729590628239673 0.09027578777791623 0.9060537870990575 0.4875524730140104 0.0902757877760133
0.09715389624357906 0.08763098914613243 0.09002859200303759 0.09118111636224002 0.0 0.17284749801399316 0.09138635190719846 0.13974888181865355 0.09182438982662733 0.08504020917230648 0.08747403638552764 0.09002859200303848 0.09118111636773663 0.1728474984582484 0.1728474985090332 0.1728474984870676 0.09741857886709382 0.0887954291924794 0.09002859200303748 0.1728474978541969 0.09002859200303848 0.17284749839297223 0.12365112416197455 0.17284749846455505 0.091575139475784 0.00017054834904368932 0.0902757877784629 0.17300910711340256 0.09332080770345685 0.17284749860551937 0.17284749424182796 0.0933932480026497 0.09002859200303848 0.17284749340988076 0.09002859200303837 0.09002859200303803 0.17284749539782485 0.14573810321193986 0.0933932480031211 0.17284749768998126 0.08595056117641431 0.09002859200303848 0.14915791460383443 0.08544663158455446 0.08814291264082419 0.17284749770719976 0.09023688230243165 0.12041468826669174 0.1728474956446515 0.1728474985836694 0.09332080770362117 0.08345813319067918 0.17284749855245576 0.09163064144853661 0.09002859200303825 0.1728474984617819 0.09118111642695814 0.08237668471629289 0.1022995988967611 0.17284749695701979 0.1728474983964668 0.09002859200303759 0.09231554487091465 0.17284749797280471 0.08859881442239148 0.0900285920030387 0.17284749859397963
0.8604884963301854 0.9091806799068067 0.4776353400908655 0.7978664909690374 0.0 0.09332080769944662 1.22321333247237 0.15347766110832273 0.80020686976996 1.7218012149803674 0.8200536203299043 0.4776353400908664 0.7978664909716695 0.0933208077012343 0.09332080769989015 0.09332080770259232 0.835275174665854 0.899130728292708 0.4776353400908655 0.09332080770087292 0.4776353400908675 0.09332080770130324 0.8857955575560909 0.09332080770274431 1.2386326161596561 0.00017054823886353265 0.9097658867528498 0.09332080770345685 1.8151220906188825 0.09332080770156193 0.09332080770508144 0.8943794199718537 0.47763534009086617 0.09332080771180606 0.47763534009086706 0.47763534009086617 0.0933208077054054 0.14668715384866293 0.8943794199723655 0.0933208076996479 1.644013435912513 0.4776353400908664 0.1869982011369119 0.9187402236257758 1.0965584001068245 0.09332080770635198 0.9093940447345604 0.16426470558452888 0.09332080770258988 0.09332080770169082 1.8149167268568593 1.5622020361781481 0.09332080770208862 0.799115715801171 0.4776353400908677 0.09332080769934215 0.7978664910314739 1.6616444070137522 1.6577988170656766 0.09332080769959705 0.09332080770273232 0.47763534009086595 0.7942339922503652 0.09332080770291029 1.7161678982665616 0.4776353400908673 0.0933208077010067
0.0971538962416838 0.08763098914423395 0.09002859200114277 0.09118111636034298 0.0 0.17284749808628122 0.09138635190530042 0.1397488818170401 0.09182438982473229 0.08504020917041011 0.08747403638363271 0.09002859200114322 0.09118111636571047 0.1728474985113011 0.1728474985462853 0.1728474985490511 0.09741857886519878 0.08879542919058481 0.09002859200114266 0.17284749788595305 0.09002859200114344 0.17284749848518294 0.12365112416007973 0.1728474984839456 0.09157513947388596 0.00017054834562078847 0.09027578777656842 0.17284749860551937 0.09332080770156193 0.17300910710959078 0.1728474942825139 0.09339324800071203 0.09002859200114333 0.17284749353300183 0.0900285920011431 0.0900285920011431 0.1728474953828665 0.14573810321046438 0.09339324800126902 0.17284749775471236 0.08595056117451516 0.09002859200114322 0.1491579146020312 0.08544663158265953 0.08814291263892304 0.17284749768468452 0.0902368823005365 0.1204146882647556 0.17284749569632932 0.1728474986477139 0.09332080770172613 0.08345813318878659 0.17284749860619553 0.09163064144664212 0.09002859200114322 0.17284749850384287 0.0911811164251981 0.08237668471440207 0.10229959889486728 0.1728474970856394 0.17284749842822303 0.09002859200114277 0.09231554486901994 0.1728474980100567 0.08859881442049822 0.09002859200114355 0.1728474986923733
0.09715389624521986 0.08763098914794254 0.0900285920046906 0.09118111636989612 0.0 0.17284749682495515 0.09138635190901234 0.1397488818144637 0.09182438982828234 0.08504020917393151 0.08747403638717222 0.09002859200469138 0.09118111636284931 0.17284749267408095 0.1728474952048014 0.1728474929165432 0.09741857886873295 0.08879542919410377 0.09002859200469038 0.17284749001675487 0.09002859200469138 0.1728474959611947 0.12365112416361568 0.17284749276419628 0.09157513947758567 0.00017054834107232963 0.09027578778010892 0.17284749424182796 0.09332080770508144 0.1728474942825139 0.1730091071177662 0.09339324800423066 0.09002859200469138 0.17284749859938767 0.09002859200469127 0.09002859200469093 0.17284748363196262 0.14573810320693964 0.09339324800479953 0.1728474972676105 0.08595056117803479 0.09002859200469138 0.14915791460171124 0.08544663158619903 0.08814291264277685 0.17284748945622425 0.090236882304079 0.12041468826554813 0.17284749844145325 0.1728474941500632 0.09332080770524565 0.08345813319231277 0.17284749485871234 0.09163064145016242 0.09002859200469138 0.1728474954859223 0.09118111642905924 0.08237668471791859 0.10229959889839058 0.17284749800340857 0.17284749580668576 0.09002859200469049 0.09231554487254034 0.17284749686070824 0.08859881442401762 0.0900285920046916 0.1728474938546744
