0.0 1.027990770577159 1.3982811333110023 1.03680063357461 0.9393239884678846 0.9286746457810156 0.9953437307649664 0.9396742483049719 1.0936052241558505 0.9939960880510099 0.9243558522284097 1.3982811333110023 1.036800633569009 0.9286746457810647 0.9286746457809861 0.9286746457810479 0.35330845620706125 0.9429325595265964 1.3982811333110023 0.9286746457812269 1.3982811333110023 0.9286746457809861 0.3473820748788806 0.9286746457810532 1.0337572467253036 0.9393239884595916 0.9538536336956133 0.9286746457810068 0.9863965374471403 0.9286746457809962 0.9286746457815478 0.9681925227985776 1.3982811333110023 0.9286746457816545 1.3982811333110023 1.3982811333110023 0.9286746457817378 0.9654380800279353 0.9681925227985775 0.9286746457810562 1.017256938113478 1.3982811333110023 0.9713005391626599 1.0272047275924476 1.9641028337932112 0.9286746457812595 0.956693192697557 1.0143702088021693 0.9286746457813333 0.9286746457810005 0.9863965374547693 1.0216359284765881 0.9286746457809911 1.0388904350996016 1.3982811333110023 0.9286746457809957 1.0368006335962423 0.9854826344675247 1.0114159055231213 0.9286746457811473 0.9286746457809905 1.3982811333110023 1.0529762463148968 0.9286746457810179 1.0228261082837533 1.3982811333110023 0.9286746457810031
1.027990770577159 0.0 1.7085238929542825 1.4336372532762829 1.3507730642467748 1.3496466286573496 1.0547811381253394 1.3519856152278926 1.3924935051963656 1.3484858034422886 1.0199278917765555 1.7085238929542825 1.4336372532722328 1.3496466286573838 1.3496466286573292 1.3496466286573716 1.0318764188636054 1.3477874509856276 1.7085238929542825 1.349646628657495 1.7085238929542825 1.3496466286573292 1.0260088581860956 1.3496466286573752 1.0028962463014641 1.3507730642410083 1.0694128997610481 1.3496466286573436 1.3491534296494094 1.3496466286573363 1.3496466286577153 1.3683928665065024 1.7085238929542828 1.3496466286577895 1.7085238929542825 1.7085238929542825 1.3496466286578461 1.3509893947342295 1.368392866506502 1.349646628657378 1.346633455838625 1.7085238929542825 1.349683658724798 1.3510462645926486 1.7098172553405366 1.349646628657517 1.072703352905989 1.3509099493356713 1.3496466286575681 1.3496466286573394 1.3491534296549803 1.3554447147531332 1.3496466286573325 1.4378833890216405 1.7085238929542825 1.349646628657336 1.4336372532919242 1.3475139240277185 1.354722974741445 1.34964662865744 1.3496466286573323 1.7085238929542825 1.356114148794069 1.3496466286573512 1.3455672485801458 1.7085238929542825 1.3496466286573414
1.3982811333110023 1.7085238929542825 0.0 0.9528602264616822 0.9519803147517983 0.9484562763054702 1.7235495609799345 0.952172500127124 1.006268211990634 1.3825767957582091 1.3992574970268836 5.432980199899695e-06 0.952860226455587 0.948456276305519 0.9484562763054415 0.9484562763055017 1.3969717684780463 1.383712291355883 5.4329808399241815e-06 0.9484562763056773 5.432980237122058e-06 0.9484562763054417 1.398469990079517 0.9484562763055072 1.6887823554475554 0.9519803147436173 1.4036983155248517 0.9484562763054621 1.381906019970374 0.9484562763054509 0.9484562763059909 0.9675074837291527 5.432980826208432e-06 0.9484562763060962 5.432979823124454e-06 5.432980227803096e-06 0.948456276306177 0.9517655224174604 0.967507483729153 0.9484562763055108 1.3814645117629232 5.43297941563361e-06 0.9536982024549742 1.400012007007689 2.4288037041216617 0.9484562763057096 1.4052905918485983 0.955355629234029 0.9484562763057817 0.9484562763054559 1.381906019975815 1.3874595092610602 0.9484562763054465 0.9567163077217897 5.432980731348076e-06 0.9484562763054506 0.9528602264852202 1.3813595944403647 1.3867177599631118 0.9484562763055993 0.9484562763054462 5.432979779908927e-06 0.9598489241951607 0.9484562763054731 1.3806946924330787 5.432979248452645e-06 0.9484562763054586
1.03680063357461 1.4336372532762829 0.9528602264616822 0.0 0.9026236785188049 0.8979471157110532 1.3689473786095816 0.9024619589757775 0.9589427293978666 1.014083735964673 1.0425724771161424 0.952860226461682 0.00017133793435020444 0.8979471157143687 0.8979471157125117 0.8979471157141076 1.0323320344000462 1.0194330053911096 0.9528602264616822 0.8979471157160006 0.9528602264616818 0.8979471157118288 1.037722950316486 0.897947115714288 1.3957918082360847 0.9026236785415879 1.355732731212321 0.8979471157132661 1.0123182328592089 0.8979471157132572 0.8979471157077918 0.9160461664125346 0.9528602264616821 0.897947115707053 0.9528602264616818 0.9528602264616819 0.8979471157192593 0.9023924947625213 0.916046166412843 0.8979471157104508 1.0128874133898709 0.9528602264616822 0.9071290233187055 1.0485578574602143 2.1919278865265146 0.8979471157163151 1.3567160394937032 0.9086597534123808 0.8979471157085489 0.8979471157132901 1.0123182328666351 1.0186522498964665 0.8979471157127785 0.08278929093889899 0.9528602264616817 0.8979471157122771 0.00017183211988167676 1.0118973039088184 1.0183498019408763 0.8979471157094489 0.8979471157120185 0.9528602264616819 0.9140084922941256 0.8979471157109722 1.0123635471019952 0.9528602264616818 0.8979471157134333
0.9393239884678846 1.3507730642467748 0.9519803147517983 0.9026236785188049 0.0 0.08650455355269955 1.3674004383019196 0.14170788157123113 0.957407684745899 0.9007447924455297 0.9336040643181914 0.9519803147517992 0.9026236785157047 0.0865045535545387 0.08650455355311282 0.0865045535558786 0.9360340013219186 0.9024737560138355 0.9519803147517982 0.08650455355434362 0.9519803147517996 0.08650455355452587 0.9650124971229745 0.08650455355603646 1.3239947770243226 0.0001705482302085991 0.9392704737870623 0.08650455355670128 0.9075610453094413 0.08650455355479539 0.0865045535588831 0.9155773862938087 0.9519803147517993 0.08650455356571736 0.9519803147517992 0.9519803147517989 0.0865045535594016 0.14692899435237788 0.9155773862943541 0.08650455355294212 0.9003047527863465 0.9519803147517992 0.17839293685860527 0.9322799728123679 2.1920872070510002 0.08650455355985594 0.9415764341513816 0.1661517120127738 0.08650455355617122 0.08650455355492886 0.9075610453180589 0.9058670326221795 0.08650455355531646 0.9074104840270568 0.9519803147517995 0.08650455355257634 0.9026236786034405 0.8957912651372544 0.9238241351650015 0.08650455355298575 0.08650455355595946 0.9519803147517985 0.9080133223076146 0.0865045535561648 0.9021957701706431 0.9519803147517998 0.08650455355424737
0.9286746457810156 1.3496466286573496 0.9484562763054702 0.8979471157110532 0.08650455355269955 0.0 1.3625186399514284 0.08846355330869025 0.9520878484759814 0.9022091368299308 0.932634581489373 0.9484562763054707 0.8979471157069673 0.00016160975078575575 0.00016160878489215728 0.00016160964705208268 0.9251199760115353 0.9001828803780665 0.94845627630547 0.00016161107389947994 0.9484562763054709 0.00016160862413832378 0.9278659265177102 0.0001616096937665927 1.3189241911052458 0.08650455344136737 0.9354992395653088 0.0001616090954076564 0.9007447911626942 0.0001616090212137418 0.00016161028662750997 0.9086886918479289 0.9484562763054707 0.00016161088086019822 0.9484562763054707 0.9484562763054706 0.00016161493463669391 0.08769544469582267 0.9086886918478836 0.00016160856986669432 0.9008587451666366 0.9484562763054707 0.11573957581155074 0.9333378947845236 2.1904488479668816 0.00016161134662718248 0.9378441054056598 0.1322415773033072 0.00016160945057620154 0.00016160914143534554 0.9007447911711477 0.9089134529882115 0.00016160889549619772 0.9022843961352305 0.9484562763054709 0.00016160872031585022 0.8979471157331251 0.8999191339776758 0.9080290898249519 0.00016160881099746557 0.00016160864268685118 0.9484562763054702 0.9022023309934102 0.000161608529334706 0.9001015093049638 0.948456276305471 0.00016160926096988
0.9953437307649664 1.0547811381253394 1.7235495609799345 1.3689473786095816 1.3674004383019196 1.3625186399514284 0.0 1.3672977915689764 1.3868087551818087 1.055773756284599 1.0251881373348968 1.7235495609799343 1.3689473786053388 1.3625186399514622 1.362518639951408 1.36251863995145 0.9876138288565226 1.3557420571372392 1.7235495609799343 1.362518639951572 1.7235495609799343 1.3625186399514078 0.9926768239090702 1.3625186399514533 0.950567895481328 1.3674004382962235 1.056443444829456 1.3625186399514224 1.051748151138991 1.3625186399514146 1.3625186399517903 1.3429341588134251 1.7235495609799345 1.362518639951864 1.7235495609799343 1.7235495609799343 1.36251863995192 1.3673107756256377 1.3429341588134254 1.3625186399514562 1.0547009965792056 1.7235495609799343 1.3758014178524771 1.1146559301904673 1.7512349071480369 1.362518639951594 1.1053200233035652 1.3768775126062542 1.3625186399516445 1.3625186399514182 1.0517481511461428 1.0532738258987224 1.3625186399514113 1.3737370111514624 1.7235495609799343 1.3625186399514149 1.3689473786259654 1.0513376777799202 1.055308833973974 1.362518639951518 1.3625186399514113 1.7235495609799343 1.347401108619034 1.3625186399514295 1.0565277437470029 1.7235495609799343 1.3625186399514198
0.9396742483049719 1.3519856152278926 0.952172500127124 0.9024619589757775 0.14170788157123113 0.08846355330869025 1.3672977915689764 0.0 0.9568234778840499 0.8999191358860262 0.9317091708417087 0.9521725001271244 0.9024619589711459 0.08846355330984235 0.08846355330865009 0.08846355330918096 0.9633915927270111 0.905527366537451 0.9521725001271237 0.08846355331202606 0.9521725001271242 0.08846355330858735 0.9389423738804893 0.08846355330913579 1.3234745334438536 0.14170788162725706 0.9387619813731237 0.08846355330927885 0.8957912657723496 0.08846355330898643 0.08846355331565052 0.9147142648553831 0.9521725001271246 0.0884635533152715 0.952172500127124 0.9521725001271241 0.08846355331599565 0.1449375609427132 0.914714264855382 0.08846355330955495 0.9102536873689343 0.9521725001271245 0.1111490848225376 0.9355462552143128 2.1921041161974446 0.08846355331211517 0.9412120756153802 0.15942282898629428 0.08846355331264352 0.08846355330854593 0.8957912657803874 0.926011283780264 0.08846355330882454 0.9066432540251064 0.952172500127124 0.08846355330947338 0.9024619590306423 0.9062996817990866 0.9121334889300627 0.08846355331032678 0.08846355330893248 0.9521725001271236 0.9072519228858918 0.08846355330857103 0.9008587473163339 0.9521725001271245 0.08846355330826983
1.0936052241558505 1.3924935051963656 1.006268211990634 0.9589427293978666 0.957407684745899 0.9520878484759814 1.3868087551818087 0.9568234778840499 0.0 1.0672549645066989 1.105929256345954 1.006268211990634 0.9589427293918105 0.9520878484760292 0.9520878484759523 0.9520878484760125 1.0896508471864077 1.053221585346459 1.006268211990634 0.9520878484761871 1.006268211990634 0.9520878484759523 1.0940189036289352 0.9520878484760176 1.346979025579178 0.9574076847377632 1.1037489013186585 0.9520878484759729 1.0647618602853803 0.9520878484759622 0.9520878484764997 0.9516034965715867 1.006268211990634 0.9520878484766045 1.006268211990634 1.006268211990634 0.9520878484766848 0.9566163144336092 0.9516034965715868 0.9520878484760209 1.0659911941041462 1.006268211990634 0.9623994379771227 1.104313735288803 2.2157606430744634 0.9520878484762184 1.1058247491535247 0.964237765584797 0.9520878484762909 0.9520878484759666 1.0647618602924422 1.07029045825695 0.9520878484759572 0.9639115220326108 1.006268211990634 0.9520878484759617 0.958942729421255 1.0647498098431927 1.0695593440642366 0.9520878484761094 0.9520878484759564 1.006268211990634 0.9494482805457491 0.952087848475983 1.0659210088128777 1.006268211990634 0.9520878484759693
0.9939960880510099 1.3484858034422886 1.3825767957582091 1.014083735964673 0.9007447924455297 0.9022091368299308 1.055773756284599 0.8999191358860262 1.0672549645066989 0.0 1.0196249783172906 1.382576795758209 1.014083735958924 0.9022091368299849 0.9022091368299026 0.9022091368299692 1.0159619984381523 0.9105125089623991 1.3825767957582091 0.9022091368301522 1.3825767957582087 0.9022091368299023 1.019412512245228 0.9022091368299736 0.9972235344323177 0.9007447924367682 0.9382533408066975 0.9022091368299245 0.08650462277460368 0.902209136829915 0.9022091368304813 0.9329079535723 1.3825767957582094 0.9022091368305909 1.3825767957582087 1.382576795758209 0.9022091368306757 0.9127764531403022 0.932907953572323 0.902209136829975 0.144937583439896 1.3825767957582091 0.9064805698091737 0.9173931174649372 2.0036731920376174 0.9022091368301882 0.9408982277217894 0.912343933293964 0.902209136830261 0.9022091368299187 0.08650462160223231 0.2296586085571183 0.9022091368299086 1.0180357682720715 1.3825767957582085 0.9022091368299145 1.0140837359867712 0.08846361164740549 0.23285953854906238 0.9022091368300688 0.9022091368299083 1.382576795758209 1.0241154458126331 0.9022091368299344 0.08769551347281951 1.3825767957582087 0.9022091368299223
0.9243558522284097 1.0199278917765555 1.3992574970268836 1.0425724771161424 0.9336040643181914 0.932634581489373 1.0251881373348968 0.9317091708417087 1.105929256345954 1.0196249783172906 0.0 1.3992574970268838 1.0425724771105718 0.9326345814894226 0.9326345814893434 0.9326345814894054 0.9240259057507314 0.9484257537970797 1.3992574970268838 0.9326345814895839 1.3992574970268838 0.9326345814893439 0.927881349084802 0.9326345814894105 1.0603657989904438 0.933604064309848 0.9496672562539179 0.932634581489365 1.0211114892977284 0.9326345814893541 0.9326345814899024 0.9916421984730345 1.3992574970268838 0.9326345814900096 1.3992574970268838 1.3992574970268838 0.9326345814900918 0.9328875594010714 0.9916421984730343 0.9326345814894142 1.0195748022234068 1.3992574970268838 0.975106261610573 1.0027356960310723 1.9655581683609236 0.932634581489616 0.9528291621674009 0.9260848938756406 0.9326345814896891 0.9326345814893585 1.0211114893050885 0.9895767269742793 0.9326345814893487 1.0452287900545298 1.3992574970268838 0.9326345814893535 1.0425724771376519 1.0222814069134925 1.0314313240583017 0.932634581489504 0.932634581489348 1.3992574970268838 1.0673757866043838 0.9326345814893757 1.0142080498122708 1.3992574970268838 0.9326345814893606
1.3982811333110023 1.7085238929542825 5.432980199899695e-06 0.952860226461682 0.9519803147517992 0.9484562763054707 1.7235495609799343 0.9521725001271244 1.006268211990634 1.382576795758209 1.3992574970268838 0.0 0.952860226455587 0.9484562763055189 0.9484562763054415 0.9484562763055019 1.3969717684780463 1.383712291355883 5.432979508993334e-06 0.9484562763056773 5.432978637427037e-06 0.9484562763054414 1.3984699900795172 0.9484562763055069 1.688782355447555 0.9519803147436172 1.4036983155248517 0.9484562763054621 1.381906019970374 0.9484562763054514 0.948456276305991 0.9675074837291527 5.432979474801474e-06 0.9484562763060963 5.432980410760296e-06 5.4329799619942904e-06 0.9484562763061769 0.9517655224174616 0.9675074837291526 0.9484562763055105 1.3814645117629232 5.432980317274208e-06 0.9536982024549743 1.4000120070076891 2.4288037041216617 0.948456276305709 1.4052905918485983 0.9553556292340277 0.9484562763057813 0.9484562763054558 1.3819060199758149 1.3874595092610602 0.9484562763054463 0.9567163077217897 5.432981373510976e-06 0.9484562763054509 0.9528602264852203 1.3813595944403643 1.3867177599631118 0.9484562763055993 0.9484562763054457 5.432979441814958e-06 0.9598489241951605 0.9484562763054727 1.3806946924330796 5.432980104846857e-06 0.9484562763054585
1.036800633569009 1.4336372532722328 0.952860226455587 0.00017133793435020444 0.9026236785157047 0.8979471157069673 1.3689473786053388 0.9024619589711459 0.9589427293918105 1.014083735958924 1.0425724771105718 0.952860226455587 0.0 0.8979471157035596 0.8979471157054408 0.8979471157036732 1.0323320343944205 1.0194330053854121 0.9528602264555869 0.897947115702204 0.952860226455587 0.8979471157060258 1.0377229503108898 0.8979471157036832 1.395791808231924 0.9026236785336472 1.3557327312080367 0.8979471157046693 1.0123182328534766 0.8979471157047896 0.8979471157117385 0.9160461664063428 0.9528602264555868 0.8979471157123254 0.952860226455587 0.952860226455587 0.8979471156998229 0.9023924947597143 0.9160461664063544 0.8979471157076299 1.0128874133840466 0.9528602264555869 0.9071290233123261 1.0485578574546768 2.191927886523865 0.897947115702127 1.3567160394894213 0.9086597534042049 0.8979471157103623 0.897947115704582 1.0123182328609017 1.0186522498907857 0.897947115705086 0.08278929086876216 0.9528602264555871 0.8979471157057836 0.00017173061458447013 1.0118973039031451 1.0183498019351842 0.8979471157087489 0.8979471157060133 0.952860226455587 0.9140084922877718 0.8979471157071334 1.0123635470962666 0.9528602264555869 0.8979471157041451
0.9286746457810647 1.3496466286573838 0.948456276305519 0.8979471157143687 0.0865045535545387 0.00016160975078575575 1.3625186399514622 0.08846355330984235 0.9520878484760292 0.9022091368299849 0.9326345814894226 0.9484562763055189 0.8979471157035596 0.0 0.00016160889343525356 0.0001616085423873813 0.9251199760115845 0.9001828803781171 0.948456276305519 0.0001616087828312117 0.948456276305519 0.00016160917647133893 0.9278659265177591 0.0001616085341435865 1.3189241911052805 0.08650455344121721 0.9354992395653576 0.0001616086529915877 0.9007447911627456 0.0001616085980329853 0.00016161443934086675 0.9086886918479663 0.9484562763055188 0.0001616154567221916 0.948456276305519 0.948456276305519 0.00016161057034812964 0.08769544469768116 0.9086886918479465 0.00016161019388579503 0.9008587451666971 0.9484562763055188 0.11573957581192293 0.9333378947845723 2.1904488479669024 0.00016160885359032794 0.9378441054057091 0.13224157730322073 0.00016161277826832874 0.000161608645434781 0.9007447911711991 0.9089134529882588 0.00016160879176197566 0.9022843961352811 0.948456276305519 0.0001616089902996007 0.8979471157333698 0.8999191339777204 0.9080290898250001 0.0001616111968674431 0.00016160912151291453 0.9484562763055191 0.9022023309934609 0.0001616097926913929 0.9001015093050119 0.9484562763055189 0.00016160858910221063
0.9286746457809861 1.3496466286573292 0.9484562763054415 0.8979471157125117 0.08650455355311282 0.00016160878489215728 1.362518639951408 0.08846355330865009 0.9520878484759523 0.9022091368299026 0.9326345814893434 0.9484562763054415 0.8979471157054408 0.00016160889343525356 0.0 0.00016160883023295318 0.9251199760115046 0.9001828803780354 0.9484562763054415 0.00016160973017642204 0.9484562763054416 0.0001616085609359181 0.9278659265176801 0.00016160887145184752 1.318924191105225 0.08650455344058705 0.9354992395652798 0.00016160860078091586 0.9007447911626639 0.0001616085616229009 0.0001616119071945163 0.9086886918478624 0.9484562763054414 0.00016161265117977638 0.9484562763054416 0.9484562763054415 0.0001616126518667418 0.08769544469606322 0.9086886918478896 0.0001616090164048758 0.9008587451666102 0.9484562763054414 0.11573957581130902 0.9333378947844936 2.1904488479668687 0.00016160992665196326 0.9378441054056303 0.13224157730291095 0.00016161067889002676 0.00016160859940695058 0.9007447911711168 0.9089134529881806 0.00016160854170039842 0.9022843961351997 0.9484562763054416 0.00016160855131815854 0.8979471157331007 0.899919133977641 0.9080290898249201 0.0001616095817891417 0.00016160856849272876 0.9484562763054416 0.9022023309933798 0.00016160882061520967 0.9001015093049317 0.9484562763054415 0.00016160862894720146
0.9286746457810479 1.3496466286573716 0.9484562763055017 0.8979471157141076 0.0865045535558786 0.00016160964705208268 1.36251863995145 0.08846355330918096 0.9520878484760125 0.9022091368299692 0.9326345814894054 0.9484562763055019 0.8979471157036732 0.0001616085423873813 0.00016160883023295318 0.0 0.9251199760115666 0.9001828803780998 0.9484562763055017 0.0001616088316069165 0.948456276305502 0.00016160910296444207 0.9278659265177419 0.00016160853345660359 1.3189241911052683 0.08650455343902512 0.9354992395653406 0.00016160862551228884 0.9007447911627275 0.0001616085616229009 0.00016161419821849308 0.9086886918479378 0.9484562763055019 0.00016161519224488054 0.948456276305502 0.9484562763055018 0.00016161071598660778 0.08769544469650126 0.9086886918479398 0.00016161006679521033 0.9008587451666853 0.9484562763055019 0.11573957581177904 0.9333378947845552 2.190448847966895 0.0001616089071748808 0.9378441054056915 0.13224157730340963 0.00016161257423963127 0.000161608614520568 0.9007447911711809 0.9089134529882401 0.00016160874573418693 0.9022843961352631 0.9484562763055021 0.0001616089257233757 0.8979471157334635 0.899919133977696 0.9080290898249829 0.00016161104367270373 0.0001616090466320312 0.9484562763055018 0.9022023309934429 0.00016160968552285664 0.9001015093049929 0.9484562763055021 0.00016160856917971154
0.35330845620706125 1.0318764188636054 1.3969717684780463 1.0323320344000462 0.9360340013219186 0.9251199760115353 0.9876138288565226 0.9633915927270111 1.0896508471864077 1.0159619984381523 0.9240259057507314 1.3969717684780463 1.0323320343944205 0.9251199760115845 0.9251199760115046 0.9251199760115666 0.0 0.9410605463506082 1.3969717684780463 0.9251199760117471 1.3969717684780463 0.9251199760115043 0.36394262561577706 0.9251199760115721 1.025141848677206 0.9360340013135966 0.9485632061884988 0.9251199760115261 1.0083198719655058 0.9251199760115153 0.9251199760120687 0.9616868426992661 1.3969717684780463 0.9251199760121765 1.3969717684780463 1.3969717684780463 0.9251199760122588 0.9357480077109551 0.9616868426992657 0.925119976011576 0.9886254176901698 1.3969717684780463 0.9673332659856618 0.987811543123345 1.9627883697659592 0.9251199760117791 0.9512023884047306 0.9873139641522259 0.9251199760118537 0.9251199760115199 1.0083198719729487 0.9682733334312758 0.9251199760115101 1.0346434361940429 1.3969717684780463 0.9251199760115151 1.032332034421772 0.9816319504855544 0.9821869604736115 0.9251199760116664 0.9251199760115095 1.3969717684780463 1.0491545314719426 0.9251199760115372 1.0200328828878003 1.3969717684780463 0.9251199760115225
0.9429325595265964 1.3477874509856276 1.383712291355883 1.0194330053911096 0.9024737560138355 0.9001828803780665 1.3557420571372392 0.905527366537451 1.053221585346459 0.9105125089623991 0.9484257537970797 1.383712291355883 1.0194330053854121 0.9001828803781171 0.9001828803780354 0.9001828803780998 0.9410605463506082 0.0 1.383712291355883 0.9001828803782841 1.383712291355883 0.9001828803780357 0.9868088433741403 0.900182880378105 1.3176991933776592 0.9024737560052046 0.9742500086099233 0.9001828803780574 0.9109040730305688 0.9001828803780461 0.9001828803786148 0.904795555982686 1.383712291355883 0.9001828803787256 1.383712291355883 1.383712291355883 0.9001828803788112 0.9053421633544365 0.904795555982686 0.9001828803781089 0.9090644155369962 1.383712291355883 0.9097993377305609 0.9414142990291657 2.1941324084505234 0.9001828803783176 0.9773591263684467 0.9107897652738043 0.9001828803783939 0.9001828803780509 0.9109040730388226 0.9157456271681882 0.9001828803780408 0.9759455548775667 1.383712291355883 0.9001828803780461 1.0194330054131093 0.9072382986063399 0.9198234390683767 0.9001828803782025 0.9001828803780406 1.383712291355883 1.0027907625741954 0.9001828803780687 0.9093179749399766 1.383712291355883 0.9001828803780537
1.3982811333110023 1.7085238929542825 5.4329808399241815e-06 0.9528602264616822 0.9519803147517982 0.94845627630547 1.7235495609799343 0.9521725001271237 1.006268211990634 1.3825767957582091 1.3992574970268838 5.432979508993334e-06 0.9528602264555869 0.948456276305519 0.9484562763054415 0.9484562763055017 1.3969717684780463 1.383712291355883 0.0 0.9484562763056773 5.432977575534668e-06 0.9484562763054417 1.3984699900795172 0.9484562763055074 1.688782355447555 0.9519803147436174 1.4036983155248517 0.948456276305462 1.381906019970374 0.948456276305451 0.9484562763059909 0.9675074837291527 5.432980162658658e-06 0.9484562763060962 5.432978288149801e-06 5.432979228780324e-06 0.9484562763061769 0.9517655224174604 0.9675074837291526 0.9484562763055108 1.3814645117629232 5.432979301221112e-06 0.9536982024549743 1.4000120070076891 2.4288037041216617 0.9484562763057096 1.4052905918485983 0.9553556292340288 0.9484562763057817 0.9484562763054559 1.381906019975815 1.3874595092610602 0.9484562763054466 0.9567163077217897 5.432979325708874e-06 0.9484562763054505 0.9528602264852201 1.3813595944403645 1.3867177599631118 0.9484562763055993 0.9484562763054462 5.432978215620966e-06 0.9598489241951605 0.9484562763054729 1.380694692433079 5.432978860850967e-06 0.9484562763054587
0.9286746457812269 1.349646628657495 0.9484562763056773 0.8979471157160006 0.08650455355434362 0.00016161107389947994 1.362518639951572 0.08846355331202606 0.9520878484761871 0.9022091368301522 0.9326345814895839 0.9484562763056773 0.897947115702204 0.0001616087828312117 0.00016160973017642204 0.0001616088316069165 0.9251199760117471 0.9001828803782841 0.9484562763056773 0.0 0.9484562763056774 0.00016161020487740846 0.9278659265179211 0.00016160880687557505 1.3189241911053946 0.08650455344538707 0.9354992395655184 0.00016160925684800096 0.900744791162912 0.00016160922318598497 0.00016161709647186014 0.9086886918481099 0.9484562763056772 0.00016161828007638503 0.9484562763056774 0.9484562763056773 0.00016160941347933004 0.087695444700379 0.9086886918481341 0.0001616117086604746 0.9008587451668622 0.9484562763056772 0.11573957581322175 0.9333378947847328 2.1904488479669704 0.00016160853276962064 0.9378441054058689 0.13224157730403088 0.0001616150603495403 0.0001616092046375242 0.9007447911713655 0.908913452988424 0.00016160953163970592 0.9022843961354476 0.9484562763056774 0.0001616099046686978 0.8979471157335955 0.899919133977888 0.9080290898251656 0.00016161303931477145 0.0001616101320579555 0.9484562763056774 0.9022023309936276 0.00016161115152731116 0.9001015093051783 0.9484562763056774 0.00016160905762372266
1.3982811333110023 1.7085238929542825 5.432980237122058e-06 0.9528602264616818 0.9519803147517996 0.9484562763054709 1.7235495609799343 0.9521725001271242 1.006268211990634 1.3825767957582087 1.3992574970268838 5.432978637427037e-06 0.952860226455587 0.948456276305519 0.9484562763054416 0.948456276305502 1.3969717684780463 1.383712291355883 5.432977575534668e-06 0.9484562763056774 0.0 0.9484562763054415 1.3984699900795172 0.9484562763055068 1.688782355447555 0.9519803147436172 1.4036983155248517 0.9484562763054624 1.3819060199703734 0.9484562763054516 0.9484562763059913 0.9675074837291527 5.432979991182596e-06 0.9484562763060965 5.432978500660145e-06 5.432979013378661e-06 0.948456276306177 0.9517655224174613 0.9675074837291526 0.9484562763055105 1.3814645117629225 5.432979073473742e-06 0.9536982024549747 1.4000120070076891 2.4288037041216617 0.948456276305709 1.4052905918485983 0.9553556292340252 0.9484562763057814 0.9484562763054559 1.3819060199758142 1.3874595092610607 0.9484562763054464 0.9567163077217897 5.432979768572984e-06 0.9484562763054512 0.9528602264852204 1.3813595944403625 1.3867177599631115 0.9484562763055994 0.9484562763054457 5.432978201700063e-06 0.9598489241951605 0.9484562763054728 1.3806946924330834 5.432978790516802e-06 0.9484562763054586
0.9286746457809861 1.3496466286573292 0.9484562763054417 0.8979471157118288 0.08650455355452587 0.00016160862413832378 1.3625186399514078 0.08846355330858735 0.9520878484759523 0.9022091368299023 0.9326345814893439 0.9484562763054414 0.8979471157060258 0.00016160917647133893 0.0001616085609359181 0.00016160910296444207 0.9251199760115043 0.9001828803780357 0.9484562763054417 0.00016161020487740846 0.9484562763054415 0.0 0.9278659265176802 0.00016160912013895367 1.3189241911052247 0.08650455343912522 0.9354992395652791 0.0001616087182549038 0.9007447911626639 0.00016160862413832378 0.00016161115221428293 0.9086886918479019 0.9484562763054413 0.00016161187490698977 0.9484562763054416 0.9484562763054416 0.00016161349202326055 0.0876954446959746 0.9086886918478497 0.0001616087615347726 0.9008587451666127 0.9484562763054414 0.11573957581128312 0.9333378947844936 2.1904488479668687 0.0001616104075351473 0.9378441054056302 0.13224157730294453 0.00016161009221333527 0.00016160876359571844 0.9007447911711172 0.9089134529881779 0.00016160862207737614 0.9022843961351997 0.9484562763054416 0.00016160853483056941 0.8979471157331983 0.8999191339776399 0.908029089824921 0.0001616092307427647 0.00016160851284711462 0.9484562763054417 0.9022023309933797 0.00016160861245962025 0.9001015093049312 0.9484562763054413 0.0001616088460335306
0.3473820748788806 1.0260088581860956 1.398469990079517 1.037722950316486 0.9650124971229745 0.9278659265177102 0.9926768239090702 0.9389423738804893 1.0940189036289352 1.019412512245228 0.927881349084802 1.3984699900795172 1.0377229503108898 0.9278659265177591 0.9278659265176801 0.9278659265177419 0.36394262561577706 0.9868088433741403 1.3984699900795172 0.9278659265179211 1.3984699900795172 0.9278659265176802 0.0 0.9278659265177469 1.032669711383844 0.9650124971149041 0.9584756763434583 0.9278659265177013 0.9867779848763251 0.9278659265176903 0.927865926518242 0.9683149441887413 1.3984699900795172 0.9278659265183498 1.3984699900795172 1.3984699900795172 0.9278659265184324 0.938306676693094 0.9683149441887412 0.927865926517751 1.0176978773897614 1.3984699900795172 0.944896208985719 1.0270137676531366 1.9642750837316298 0.9278659265179537 0.9610091945463315 0.9887837483514392 0.9278659265180276 0.927865926517695 0.9867779848839492 1.0215585580032736 0.9278659265176853 1.0424978679546364 1.3984699900795172 0.9278659265176896 1.0377229503380982 1.0110505235914637 0.9607379757608513 0.9278659265178415 0.9278659265176844 1.3984699900795172 1.0531152309928902 0.9278659265177122 1.0233264620747085 1.3984699900795172 0.9278659265176977
0.9286746457810532 1.3496466286573752 0.9484562763055072 0.897947115714288 0.08650455355603646 0.0001616096937665927 1.3625186399514533 0.08846355330913579 0.9520878484760176 0.9022091368299736 0.9326345814894105 0.9484562763055069 0.8979471157036832 0.0001616085341435865 0.00016160887145184752 0.00016160853345660359 0.9251199760115721 0.900182880378105 0.9484562763055074 0.00016160880687557505 0.9484562763055068 0.00016160912013895367 0.9278659265177469 0.0 1.318924191105272 0.08650455343889035 0.9354992395653455 0.00016160864818271075 0.9007447911627334 0.0001616086268862539 0.00016161435072328405 0.9086886918479213 0.9484562763055067 0.00016161530696626083 0.948456276305507 0.9484562763055071 0.00016161065690686361 0.08769544469641896 0.9086886918479666 0.00016161013686678832 0.900858745166683 0.9484562763055068 0.11573957581182892 0.9333378947845599 2.1904488479668967 0.00016160890305299275 0.9378441054056962 0.13224157730350702 0.00016161269651948762 0.0001616086213903936 0.900744791171186 0.9089134529882464 0.00016160876359571844 0.9022843961352685 0.948456276305507 0.00016160896969017 0.8979471157332892 0.8999191339777065 0.9080290898249871 0.0001616111006913905 0.00016160909678161745 0.9484562763055074 0.9022023309934486 0.00016160975490762218 0.9001015093049997 0.9484562763055066 0.00016160854994419285
1.0337572467253036 1.0028962463014641 1.6887823554475554 1.3957918082360847 1.3239947770243226 1.3189241911052458 0.950567895481328 1.3234745334438536 1.346979025579178 0.9972235344323177 1.0603657989904438 1.688782355447555 1.395791808231924 1.3189241911052805 1.318924191105225 1.3189241911052683 1.025141848677206 1.3176991933776592 1.688782355447555 1.3189241911053946 1.688782355447555 1.3189241911052247 1.032669711383844 1.318924191105272 0.0 1.3239947770184397 1.0305693791457655 1.3189241911052398 0.9929232061741077 1.318924191105232 1.31892419110562 1.3037497267449305 1.6887823554475552 1.318924191105696 1.688782355447555 1.688782355447555 1.3189241911057537 1.3237446934680386 1.303749726744931 1.3189241911052745 0.9964288292970913 1.688782355447555 1.3320165144332183 1.059330784493675 1.7168626443419048 1.3189241911054173 1.032245556547695 1.3331399270390376 1.3189241911054694 1.3189241911052354 0.9929232061816842 0.9955826309239767 1.3189241911052283 1.3993572837208696 1.688782355447555 1.3189241911052318 1.395791808252155 0.9930407110121582 0.9969977373721998 1.3189241911053384 1.3189241911052278 1.688782355447555 1.3090478903281701 1.3189241911052474 0.9978500414137794 1.688782355447555 1.3189241911052376
0.9393239884595916 1.3507730642410083 0.9519803147436173 0.9026236785415879 0.0001705482302085991 0.08650455344136737 1.3674004382962235 0.14170788162725706 0.9574076847377632 0.9007447924367682 0.933604064309848 0.9519803147436172 0.9026236785336472 0.08650455344121721 0.08650455344058705 0.08650455343902512 0.9360340013135966 0.9024737560052046 0.9519803147436174 0.08650455344538707 0.9519803147436172 0.08650455343912522 0.9650124971149041 0.08650455343889035 1.3239947770184397 0.0 0.9392704737787699 0.08650455343786619 0.9075610453007863 0.0865045534393832 0.08650455344801937 0.9155773862858428 0.9519803147436171 0.08650455344190641 0.9519803147436173 0.9519803147436173 0.08650455344986366 0.14692899450686336 0.9155773862853055 0.08650455344243005 0.9003047527776987 0.9519803147436171 0.17839293681620852 0.932279972804013 2.1920872070474475 0.08650455344031753 0.9415764341431092 0.1661517118724361 0.08650455344537038 0.08650455343883902 0.907561045309404 0.9058670326138293 0.08650455343859774 0.9074104840184732 0.9519803147436173 0.08650455344210149 0.9026236785368267 0.895791265128438 0.9238241351566567 0.08650455344417166 0.08650455343807538 0.9519803147436174 0.9080133222990361 0.08650455343780458 0.9021957701620484 0.9519803147436171 0.08650455343926897
0.9538536336956133 1.0694128997610481 1.4036983155248517 1.355732731212321 0.9392704737870623 0.9354992395653088 1.056443444829456 0.9387619813731237 1.1037489013186585 0.9382533408066975 0.9496672562539179 1.4036983155248517 1.3557327312080367 0.9354992395653576 0.9354992395652798 0.9354992395653406 0.9485632061884988 0.9742500086099233 1.4036983155248517 0.9354992395655184 1.4036983155248517 0.9354992395652791 0.9584756763434583 0.9354992395653455 1.0305693791457655 0.9392704737787699 0.0 0.9354992395653007 0.9370656323436537 0.9354992395652894 0.9354992395658365 0.9774263596053171 1.4036983155248517 0.9354992395659434 1.4036983155248517 1.4036983155248517 0.9354992395660249 0.9387891266070884 0.9774263596053171 0.9354992395653492 0.9370542991374406 1.4036983155248517 0.9406948570774161 0.9682075777408595 1.966323135127127 0.9354992395655509 0.8931784590488807 0.9420587778467975 0.9354992395656242 0.9354992395652939 0.9370656323516787 0.9459235243717242 0.9354992395652842 1.3539265319662903 1.4036983155248517 0.9354992395652888 1.3557327312288698 0.936964778434056 0.9443869651639343 0.9354992395654393 0.9354992395652838 1.4036983155248517 1.0743247332707095 0.9354992395653109 0.9354124568586479 1.4036983155248517 0.9354992395652965
0.9286746457810068 1.3496466286573436 0.9484562763054621 0.8979471157132661 0.08650455355670128 0.0001616090954076564 1.3625186399514224 0.08846355330927885 0.9520878484759729 0.9022091368299245 0.932634581489365 0.9484562763054621 0.8979471157046693 0.0001616086529915877 0.00016160860078091586 0.00016160862551228884 0.9251199760115261 0.9001828803780574 0.948456276305462 0.00016160925684800096 0.9484562763054624 0.0001616087182549038 0.9278659265177013 0.00016160864818271075 1.3189241911052398 0.08650455343786619 0.9354992395653007 0.0 0.9007447911626857 0.00016160850597728436 0.00016161287375641853 0.9086886918478602 0.9484562763054621 0.00016161371253786198 0.9484562763054623 0.9484562763054621 0.00016161171827804626 0.08769544469713932 0.9086886918479343 0.00016160941966214255 0.9008587451666334 0.9484562763054621 0.11573957581147208 0.9333378947845147 2.1904488479668776 0.00016160940935745492 0.9378441054056513 0.13224157730278333 0.00016161146822099722 0.0001616085279607401 0.900744791171139 0.9089134529882016 0.00016160855956195248 0.9022843961352215 0.9484562763054624 0.00016160864749572833 0.8979471157331836 0.8999191339776628 0.9080290898249416 0.00016161015266723797 0.0001616087161939574 0.9484562763054621 0.9022023309934012 0.00016160914006138486 0.9001015093049529 0.9484562763054624 0.00016160851696901262
0.9863965374471403 1.3491534296494094 1.381906019970374 1.0123182328592089 0.9075610453094413 0.9007447911626942 1.051748151138991 0.8957912657723496 1.0647618602853803 0.08650462277460368 1.0211114892977284 1.381906019970374 1.0123182328534766 0.9007447911627456 0.9007447911626639 0.9007447911627275 1.0083198719655058 0.9109040730305688 1.381906019970374 0.900744791162912 1.3819060199703734 0.9007447911626639 0.9867779848763251 0.9007447911627334 0.9929232061741077 0.9075610453007863 0.9370656323436537 0.9007447911626857 0.0 0.9007447911626747 0.9007447911632429 0.9287590116313963 1.3819060199703743 0.9007447911633526 1.3819060199703734 1.3819060199703739 0.9007447911634374 0.9078028858131562 0.92875901163143 0.9007447911627355 0.16385236218327473 1.381906019970374 0.8989557810311347 0.9211007944960334 2.003089852253617 0.9007447911629453 0.9397434347262624 0.9094480517376863 0.9007447911630226 0.9007447911626792 0.0002053637706410151 0.25122604175347274 0.9007447911626691 1.015855813535327 1.381906019970373 0.9007447911626755 1.0123182328814078 0.14170790343294365 0.1735863634087661 0.9007447911628299 0.9007447911626684 1.3819060199703737 1.0213403753666905 0.9007447911626958 0.09358891721352293 1.3819060199703737 0.9007447911626819
0.9286746457809962 1.3496466286573363 0.9484562763054509 0.8979471157132572 0.08650455355479539 0.0001616090212137418 1.3625186399514146 0.08846355330898643 0.9520878484759622 0.902209136829915 0.9326345814893541 0.9484562763054514 0.8979471157047896 0.0001616085980329853 0.0001616085616229009 0.0001616085616229009 0.9251199760115153 0.9001828803780461 0.948456276305451 0.00016160922318598497 0.9484562763054516 0.00016160862413832378 0.9278659265176903 0.0001616086268862539 1.318924191105232 0.0865045534393832 0.9354992395652894 0.00016160850597728436 0.9007447911626747 0.0 0.00016161283116461567 0.908688691847892 0.9484562763054515 0.00016161358751092865 0.9484562763054515 0.9484562763054513 0.00016161173133046402 0.08769544469670888 0.9086886918478806 0.00016160935302515084 0.9008587451666267 0.9484562763054514 0.11573957581136944 0.9333378947845038 2.1904488479668727 0.00016160942996682956 0.9378441054056404 0.13224157730281355 0.00016161141463729353 0.00016160846201036393 0.9007447911711282 0.9089134529881883 0.00016160850391633524 0.90228439613521 0.9484562763054516 0.00016160860352884638 0.8979471157330378 0.8999191339776477 0.9080290898249296 0.00016161002214173795 0.00016160868253182879 0.9484562763054512 0.90220233099339 0.00016160910090350057 0.9001015093049403 0.9484562763054517 0.0001616084166694647
0.9286746457815478 1.3496466286577153 0.9484562763059909 0.8979471157077918 0.0865045535588831 0.00016161028662750997 1.3625186399517903 0.08846355331565052 0.9520878484764997 0.9022091368304813 0.9326345814899024 0.948456276305991 0.8979471157117385 0.00016161443934086675 0.0001616119071945163 0.00016161419821849308 0.9251199760120687 0.9001828803786148 0.9484562763059909 0.00016161709647186014 0.9484562763059913 0.00016161115221428293 0.927865926518242 0.00016161435072328405 1.31892419110562 0.08650455344801937 0.9354992395658365 0.00016161287375641853 0.9007447911632429 0.00016161283116461567 0.0 0.9086886918484612 0.948456276305991 0.00016160852521280832 0.9484562763059912 0.948456276305991 0.00016162348632209848 0.08769544470432132 0.9086886918484377 0.00016160984421470233 0.9008587451671948 0.948456276305991 0.11573957581577717 0.9333378947850519 2.1904488479671067 0.00016161766251480375 0.9378441054061858 0.13224157730610875 0.00016160867360105882 0.00016161296374873928 0.9007447911716964 0.9089134529887498 0.00016161225548721125 0.9022843961357775 0.9484562763059913 0.00016161162553715287 0.8979471157332644 0.8999191339782189 0.9080290898254941 0.00016160910846028598 0.00016161130815680396 0.948456276305991 0.9022023309939573 0.00016161025433965968 0.9001015093055086 0.9484562763059913 0.00016161325845606489
